28.5,12.4,68
31.2,0.0,45
22.1,45.2,88
19.8,32.0,82
34.0,56.0,38
26.4,5.1,62
25.0,18.3,75
29.8,2.0,54
21.5,58.6,92
33.1,0.0,41
27.3,8.2,64
23.9,22.5,79
18.5,15.0,73
30.5,0.0,49
24.8,38.1,85
28.1,4.3,59
32.6,0.0,43
20.2,64.0,95
26.9,11.0,70
35.2,0.0,33
22.8,27.4,81
29.1,1.5,52
24.1,19.8,76
17.9,8.5,66
31.8,0.0,46
26.0,14.2,71
23.2,41.0,87
30.0,0.0,50
21.0,52.3,90
27.8,6.7,61
33.5,0.0,39
25.4,16.5,74
19.2,29.1,80
28.9,3.1,56
22.5,35.8,84
34.6,0.0,36
26.2,9.8,67
24.0,21.0,77
20.7,48.9,89
32.0,0.0,44
28.3,5.5,60
18.8,12.0,72
30.9,0.0,47
23.6,31.4,83
27.0,10.1,65
35.8,0.0,31
21.9,55.0,91
25.7,17.2,73
29.4,2.8,53
19.5,24.6,78
31.5,0.0,42
26.7,7.9,63
22.3,43.1,86
28.0,1.0,55
33.8,0.0,37
24.5,25.0,80
20.0,60.2,94
27.5,13.5,69
30.2,0.0,48
18.2,10.5,68
25.1,20.4,76
32.3,0.0,40
21.4,50.1,89
29.6,3.8,57
23.0,33.7,82
34.3,0.0,35
26.5,11.8,68
19.0,28.0,81
28.7,0.5,51
24.3,23.9,78
31.0,0.0,45
22.0,46.5,88
27.1,8.8,64
35.0,0.0,32
20.5,53.8,91
25.8,15.6,72
29.2,2.2,54
18.7,14.1,70
32.8,0.0,41
23.8,30.2,82
26.8,9.0,66
34.1,0.0,36
21.2,57.0,93
28.2,6.0,61
24.7,22.0,77
30.7,0.0,46
19.6,26.3,79
27.6,12.0,67
33.0,0.0,40
22.6,39.4,85
25.3,18.0,74
29.9,1.8,53
18.0,11.2,69
31.4,0.0,43
23.4,34.5,83
26.1,10.8,66
34.8,0.0,34
20.8,49.0,90
28.4,4.0,58
24.9,21.2,76